1 6.65e-07
2 6.53e-07
3 7.3e-07
4 7.57e-07
5 6.98e-07
6 6.58e-07
7 7.68e-07
8 6.79e-07
9 7.1e-07
10 7.89e-07
20 2.276e-06
30 7.28e-07
40 8.36e-07
50 8.35e-07
60 2.447e-06
70 9.08e-07
80 9.42e-07
90 1.054e-06
100 9.86e-07
200 1.409e-06
300 1.703e-06
400 2.141e-06
500 2.502e-06
600 2.74e-06
700 3.105e-06
800 3.422e-06
900 3.773e-06
1000 4.307e-06
2000 8.975e-06
3000 1.0958e-05
4000 1.4345e-05
5000 1.897e-05
6000 2.2808e-05
7000 2.4704e-05
8000 2.8045e-05
9000 3.5065e-05
10000 4.7856e-05
20000 6.9193e-05
30000 0.000103503
40000 0.000137795
50000 0.000172057
60000 0.000206357
70000 0.00024063
80000 0.000274929
90000 0.000309159
100000 0.000343328
200000 0.000715299
300000 0.00107214
400000 0.00145964
500000 0.00177214
600000 0.0021347
700000 0.00249949
800000 0.00286295
900000 0.00319954
1000000 0.0035594
2000000 0.00713081
3000000 0.0105641
4000000 0.0140052
5000000 0.0174719
6000000 0.0213839
7000000 0.0246272
8000000 0.0280997
9000000 0.0316362
10000000 0.0350744
20000000 0.0689055
30000000 0.103777
40000000 0.13802
50000000 0.172329
60000000 0.206954
70000000 0.241183
80000000 0.275497
90000000 0.309794
100000000 0.3442
