1 5.709e-06
2 1.0639e-05
3 1.712e-05
4 2.2098e-05
5 2.6245e-05
6 3.2369e-05
7 3.5579e-05
8 4.0535e-05
9 4.5527e-05
10 4.9692e-05
20 0.000114672
30 0.000158156
40 0.000221984
50 0.000272363
60 0.000319449
70 0.00036751
80 0.000411435
90 0.000448265
100 0.000534895
200 0.00103597
300 0.00157707
400 0.0020733
500 0.00258935
600 0.0031034
700 0.00362041
800 0.00415355
900 0.00467881
1000 0.00519094
2000 0.0103595
3000 0.0155328
4000 0.0206153
5000 0.0255111
6000 0.0305239
7000 0.0351745
8000 0.0401588
9000 0.045152
10000 0.0502199
20000 0.100135
30000 0.149992
40000 0.201006
50000 0.250218
60000 0.300097
70000 0.350323
80000 0.400198
90000 0.450158
100000 0.499849
200000 0.999313
300000 1.5005
400000 1.99866
500000 2.49779
600000 2.99819
700000 3.49796
800000 3.99667
900000 4.49568
1000000 4.99463
2000000 9.99056
3000000 14.9875
4000000 19.9793
5000000 24.973
6000000 29.9694
7000000 34.9616
8000000 39.9548
9000000 44.951
10000000 49.9435
20000000 99.9054
30000000 149.842
40000000 199.775
50000000 249.74
60000000 299.692
70000000 349.625
80000000 399.57
90000000 449.516
100000000 499.465
