1 1.128e-06
2 3.17e-06
3 3.887e-06
4 2.508e-06
5 4.478e-06
6 3.406e-06
7 3.827e-06
8 4.48e-06
9 4.744e-06
10 5.115e-06
20 9.626e-06
30 1.4208e-05
40 1.9794e-05
50 2.3204e-05
60 2.7813e-05
70 3.2241e-05
80 3.6784e-05
90 5.3533e-05
100 4.86e-05
200 0.000109857
300 0.00016497
400 0.000198642
500 0.000251028
600 0.000297063
700 0.000340059
800 0.000377937
900 0.000407764
1000 0.000471825
2000 0.000946566
3000 0.0014216
4000 0.0018957
5000 0.00233905
6000 0.00283627
7000 0.00328957
8000 0.00376422
9000 0.00425745
10000 0.00470312
20000 0.00941509
30000 0.0138591
40000 0.0188247
50000 0.0234787
60000 0.0273905
70000 0.0323587
80000 0.036468
90000 0.0414334
100000 0.0461368
200000 0.0914691
300000 0.136778
400000 0.18208
500000 0.227706
600000 0.27258
700000 0.318119
800000 0.364433
900000 0.408819
1000000 0.454384
2000000 0.907805
3000000 1.36155
4000000 1.81537
5000000 2.26986
6000000 2.72244
7000000 3.17723
8000000 3.63048
9000000 4.08416
10000000 4.53765
20000000 9.07272
