1 5.99e-07
2 6.66e-07
3 7.12e-07
4 7.84e-07
5 7.64e-07
6 7.92e-07
7 8.79e-07
8 2.491e-06
9 8.3e-07
10 2.366e-06
20 2.612e-06
30 1.365e-06
40 3.351e-06
50 3.326e-06
60 2.045e-06
70 2.269e-06
80 2.51e-06
90 2.981e-06
100 3.036e-06
200 5.34e-06
300 7.665e-06
400 9.972e-06
500 1.3046e-05
600 1.4656e-05
700 1.6877e-05
800 1.9284e-05
900 3.2518e-05
1000 2.5338e-05
2000 4.7299e-05
3000 7.0643e-05
4000 9.3968e-05
5000 0.000117122
6000 0.000140378
7000 0.000163613
8000 0.0002023
9000 0.000228028
10000 0.000246375
20000 0.000468225
30000 0.000740064
40000 0.000972342
50000 0.00122598
60000 0.00147359
70000 0.00171186
80000 0.00194341
90000 0.00218956
100000 0.00243014
200000 0.00484564
300000 0.00727917
400000 0.00970502
500000 0.0121096
600000 0.0142351
700000 0.0165676
800000 0.0188704
900000 0.0212128
1000000 0.0239304
2000000 0.0473739
3000000 0.0707095
4000000 0.0936622
5000000 0.117365
6000000 0.140709
7000000 0.164194
8000000 0.187669
9000000 0.211157
10000000 0.234345
20000000 0.467891
30000000 0.701514
40000000 0.935096
50000000 1.16974
60000000 1.40224
70000000 1.6362
80000000 1.86948
90000000 2.10443
100000000 2.33606
